0.02 0
0.04 1e-05
0.06 0.0003
0.08 0.00283
0.1 0.01439
0.12 0.05279
0.14 0.16435
0.16 0.49833
0.18 1.91125
0.2 -16.13462
0.22 -3.39398
0.24 -2.61616
0.26 -2.46422
0.28 -2.49418
0.3 -2.60534
0.32 -2.76163
0.34 -2.94659
0.36 -3.15136
0.38 -3.37061
0.4 -3.60082
0.42 -3.83951
0.44 -4.08485
0.46 -4.33541
0.48 -4.59004
0.5 -4.84781
0.52 -5.10792
0.54 -5.36968
0.56 -5.6325
0.58 -5.89585
0.6 -6.15925
0.62 -6.42223
0.64 -6.68437
0.66 -6.94527
0.68 -7.20451
0.7 -7.46167
0.72 -7.7163
0.74 -7.96791
0.76 -8.21598
0.78 -8.45986
0.8 -8.69883
0.82 -8.93198
0.84 -9.15818
0.86 -9.37599
0.88 -9.5835
0.9 -9.77812
0.92 -9.95625
0.94 -10.11267
0.96 -10.2395
0.98 -10.32428
1 -10.34598
1.02 -10.26617
1.04 -10.00621
1.06 -9.37608
1.08 -7.76989
1.1 -1.68825
1.12 -55.33816
1.14 -21.79833
1.16 -18.40906
1.18 -17.29294
1.2 -16.82682
1.22 -16.63475
1.24 -16.58335
1.26 -16.61341
1.28 -16.6946
1.3 -16.8098
1.32 -16.94863
1.34 -17.10439
1.36 -17.27262
1.38 -17.45019
1.4 -17.63487
1.42 -17.82502
1.44 -18.0194
1.46 -18.21706
1.48 -18.41729
1.5 -18.61949
1.52 -18.82321
1.54 -19.02808
1.56 -19.2338
1.58 -19.44012
1.6 -19.64685
1.62 -19.8538
1.64 -20.06084
1.66 -20.26786
1.68 -20.47475
1.7 -20.68142
1.72 -20.88782
1.74 -21.09387
1.76 -21.29953
1.78 -21.50474
1.8 -21.70949
1.82 -21.91373
1.84 -22.11744
1.86 -22.32059
1.88 -22.52317
1.9 -22.72515
1.92 -22.92654
1.94 -23.12731
1.96 -23.32746
1.98 -23.52697
2 -23.72586
2.02 -23.9241
2.04 -24.1217
2.06 -24.31865
2.08 -24.51496
2.1 -24.71062
2.12 -24.90564
2.14 -25.10001
2.16 -25.29374
2.18 -25.48682
2.2 -25.67927
2.22 -25.87108
2.24 -26.06226
2.26 -26.25281
2.28 -26.44274
2.3 -26.63204
2.32 -26.82073
2.34 -27.0088
2.36 -27.19626
2.38 -27.38312
2.4 -27.56938
2.42 -27.75504
2.44 -27.94011
2.46 -28.1246
2.48 -28.3085
2.5 -28.49183
2.52 -28.67459
2.54 -28.85678
2.56 -29.03841
2.58 -29.21948
2.6 -29.4
2.62 -29.57997
2.64 -29.7594
2.66 -29.93829
2.68 -30.11664
2.7 -30.29447
2.72 -30.47177
2.74 -30.64856
2.76 -30.82482
2.78 -31.00058
2.8 -31.17583
2.82 -31.35058
2.84 -31.52482
2.86 -31.69858
2.88 -31.87184
2.9 -32.04462
2.92 -32.21692
2.94 -32.38874
2.96 -32.56009
2.98 -32.73096
3 -32.90137
3.02 -33.07132
3.04 -33.2408
3.06 -33.40983
3.08 -33.57841
3.1 -33.74654
3.12 -33.91423
3.14 -34.08147
3.16 -34.24828
3.18 -34.41465
3.2 -34.58059
3.22 -34.74609
3.24 -34.91117
3.26 -35.07583
3.28 -35.24007
3.3 -35.40389
3.32 -35.5673
3.34 -35.73029
3.36 -35.89287
3.38 -36.05505
3.4 -36.21682
3.42 -36.37819
3.44 -36.53916
3.46 -36.69973
3.48 -36.85991
3.5 -37.0197
3.52 -37.17909
3.54 -37.33809
3.56 -37.49671
3.58 -37.65494
3.6 -37.81279
3.62 -37.97025
3.64 -38.12734
3.66 -38.28405
3.68 -38.44038
3.7 -38.59634
3.72 -38.75192
3.74 -38.90714
3.76 -39.06198
3.78 -39.21646
3.8 -39.37058
3.82 -39.52433
3.84 -39.67772
3.86 -39.83075
3.88 -39.98342
3.9 -40.13573
3.92 -40.28769
3.94 -40.43929
3.96 -40.59055
3.98 -40.74145
4 -40.892
4.02 -41.04221
4.04 -41.19206
4.06 -41.34158
4.08 -41.49075
4.1 -41.63958
4.12 -41.78807
4.14 -41.93622
4.16 -42.08403
4.18 -42.23151
4.2 -42.37865
4.22 -42.52546
4.24 -42.67194
4.26 -42.81808
4.28 -42.9639
4.3 -43.10939
4.32 -43.25455
4.34 -43.39938
4.36 -43.54389
4.38 -43.68807
4.4 -43.83194
4.42 -43.97548
4.44 -44.1187
4.46 -44.2616
4.48 -44.40418
4.5 -44.54645
4.52 -44.6884
4.54 -44.83004
4.56 -44.97136
4.58 -45.11236
4.6 -45.25306
4.62 -45.39344
4.64 -45.53352
4.66 -45.67328
4.68 -45.81274
4.7 -45.95189
4.72 -46.09073
4.74 -46.22927
4.76 -46.3675
4.78 -46.50543
4.8 -46.64306
4.82 -46.78038
4.84 -46.9174
4.86 -47.05412
4.88 -47.19054
4.9 -47.32667
4.92 -47.46249
4.94 -47.59802
4.96 -47.73324
4.98 -47.86818
5 -48.00282
5.02 -48.13716
5.04 -48.27121
5.06 -48.40497
5.08 -48.53843
5.1 -48.6716
5.12 -48.80448
5.14 -48.93707
5.16 -49.06938
5.18 -49.20139
5.2 -49.33311
5.22 -49.46455
5.24 -49.5957
5.26 -49.72656
5.28 -49.85713
5.3 -49.98742
5.32 -50.11743
5.34 -50.24715
5.36 -50.37659
5.38 -50.50574
5.4 -50.63461
5.42 -50.7632
5.44 -50.89151
5.46 -51.01954
5.48 -51.14729
5.5 -51.27476
5.52 -51.40195
5.54 -51.52886
5.56 -51.65549
5.58 -51.78185
5.6 -51.90792
5.62 -52.03373
5.64 -52.15925
5.66 -52.2845
5.68 -52.40948
5.7 -52.53418
5.72 -52.65861
5.74 -52.78276
5.76 -52.90664
5.78 -53.03025
5.8 -53.15358
5.82 -53.27665
5.84 -53.39944
5.86 -53.52197
5.88 -53.64422
5.9 -53.7662
5.92 -53.88792
5.94 -54.00937
5.96 -54.13054
5.98 -54.25145
6 -54.3721
6.02 -54.49247
6.04 -54.61259
6.06 -54.73243
6.08 -54.85201
6.1 -54.97132
6.12 -55.09038
6.14 -55.20916
6.16 -55.32769
6.18 -55.44595
6.2 -55.56394
6.22 -55.68168
6.24 -55.79915
6.26 -55.91637
6.28 -56.03332
6.3 -56.15001
6.32 -56.26644
6.34 -56.38262
6.36 -56.49853
6.38 -56.61419
6.4 -56.72959
6.42 -56.84473
6.44 -56.95961
6.46 -57.07424
6.48 -57.18861
6.5 -57.30272
6.52 -57.41658
6.54 -57.53019
6.56 -57.64354
6.58 -57.75664
6.6 -57.86948
6.62 -57.98207
6.64 -58.09441
6.66 -58.2065
6.68 -58.31834
6.7 -58.42992
6.72 -58.54125
6.74 -58.65234
6.76 -58.76317
6.78 -58.87376
6.8 -58.98409
6.82 -59.09418
6.84 -59.20402
6.86 -59.31362
6.88 -59.42296
6.9 -59.53206
6.92 -59.64092
6.94 -59.74953
6.96 -59.85789
6.98 -59.96601
7 -60.07389
7.02 -60.18152
7.04 -60.28891
7.06 -60.39606
7.08 -60.50296
7.1 -60.60962
7.12 -60.71605
7.14 -60.82223
7.16 -60.92817
7.18 -61.03387
7.2 -61.13933
7.22 -61.24456
7.24 -61.34954
7.26 -61.45429
7.28 -61.5588
7.3 -61.66308
7.32 -61.76712
7.34 -61.87092
7.36 -61.97449
7.38 -62.07782
7.4 -62.18092
7.42 -62.28378
7.44 -62.38641
7.46 -62.48881
7.48 -62.59098
7.5 -62.69291
7.52 -62.79461
7.54 -62.89609
7.56 -62.99733
7.58 -63.09834
7.6 -63.19912
7.62 -63.29967
7.64 -63.4
7.66 -63.5001
7.68 -63.59997
7.7 -63.69961
7.72 -63.79903
7.74 -63.89822
7.76 -63.99718
7.78 -64.09592
7.8 -64.19444
7.82 -64.29273
7.84 -64.3908
7.86 -64.48865
7.88 -64.58627
7.9 -64.68367
7.92 -64.78085
7.94 -64.87781
7.96 -64.97454
7.98 -65.07106
8 -65.16736
8.02 -65.26344
8.04 -65.3593
8.06 -65.45494
8.08 -65.55036
8.1 -65.64557
8.12 -65.74056
8.14 -65.83533
8.16 -65.92989
8.18 -66.02423
8.2 -66.11836
8.22 -66.21227
8.24 -66.30597
8.26 -66.39945
8.28 -66.49273
8.3 -66.58578
8.32 -66.67863
8.34 -66.77126
8.36 -66.86369
8.38 -66.9559
8.4 -67.0479
8.42 -67.13969
8.44 -67.23127
8.46 -67.32265
8.48 -67.41381
8.5 -67.50476
8.52 -67.59551
8.54 -67.68605
8.56 -67.77638
8.58 -67.8665
8.6 -67.95642
8.62 -68.04613
8.64 -68.13564
8.66 -68.22494
8.68 -68.31403
8.7 -68.40292
8.72 -68.49161
8.74 -68.58009
8.76 -68.66837
8.78 -68.75644
8.8 -68.84432
8.82 -68.93199
8.84 -69.01945
8.86 -69.10672
8.88 -69.19378
8.9 -69.28064
8.92 -69.3673
8.94 -69.45376
8.96 -69.54002
8.98 -69.62608
9 -69.71194
9.02 -69.7976
9.04 -69.88306
9.06 -69.96832
9.08 -70.05338
9.1 -70.13824
9.12 -70.2229
9.14 -70.30737
9.16 -70.39163
9.18 -70.4757
9.2 -70.55957
9.22 -70.64325
9.24 -70.72672
9.26 -70.81
9.28 -70.89308
9.3 -70.97597
9.32 -71.05866
9.34 -71.14115
9.36 -71.22344
9.38 -71.30554
9.4 -71.38744
9.42 -71.46914
9.44 -71.55065
9.46 -71.63196
9.48 -71.71308
9.5 -71.794
9.52 -71.87472
9.54 -71.95525
9.56 -72.03558
9.58 -72.11571
9.6 -72.19565
9.62 -72.2754
9.64 -72.35494
9.66 -72.43429
9.68 -72.51344
9.7 -72.5924
9.72 -72.67116
9.74 -72.74972
9.76 -72.82809
9.78 -72.90626
9.8 -72.98423
9.82 -73.06201
9.84 -73.13959
9.86 -73.21697
9.88 -73.29415
9.9 -73.37113
9.92 -73.44792
9.94 -73.5245
9.96 -73.60089
9.98 -73.67708
10 -73.75307
