0.02 0
0.04 0
0.06 3e-05
0.08 0.00023
0.1 0.001
0.12 0.003
0.14 0.00715
0.16 0.01454
0.18 0.02644
0.2 0.04418
0.22 0.06923
0.24 0.10314
0.26 0.14754
0.28 0.2042
0.3 0.27501
0.32 0.36199
0.34 0.4674
0.36 0.59372
0.38 0.7437
0.4 0.92046
0.42 1.12756
0.44 1.36906
0.46 1.6497
0.48 1.975
0.5 2.35147
0.52 2.78688
0.54 3.29056
0.56 3.87381
0.58 4.5505
0.6 5.33779
0.62 6.25714
0.64 7.33576
0.66 8.60853
0.68 10.12074
0.7 11.93199
0.72 14.12168
0.74 16.79685
0.76 20.10278
0.78 24.23653
0.8 29.46033
0.82 36.10353
0.84 44.52111
0.86 54.94652
0.88 67.19654
0.9 80.40078
0.92 -86.79739
0.94 -75.53742
0.96 -66.276
0.98 -58.91293
1 -53.11791
1.02 -48.54135
1.04 -44.89149
1.06 -41.9452
1.08 -39.53714
1.1 -37.54566
1.12 -35.88086
1.14 -34.47561
1.16 -33.2792
1.18 -32.25283
1.2 -31.36639
1.22 -30.59629
1.24 -29.92378
1.26 -29.33382
1.28 -28.81422
1.3 -28.355
1.32 -27.94793
1.34 -27.58616
1.36 -27.26396
1.38 -26.97647
1.4 -26.71958
1.42 -26.48978
1.44 -26.28404
1.46 -26.09977
1.48 -25.93468
1.5 -25.78682
1.52 -25.65445
1.54 -25.53606
1.56 -25.4303
1.58 -25.33599
1.6 -25.25208
1.62 -25.17762
1.64 -25.11178
1.66 -25.0538
1.68 -25.00302
1.7 -24.95882
1.72 -24.92065
1.74 -24.88801
1.76 -24.86046
1.78 -24.83758
1.8 -24.819
1.82 -24.80439
1.84 -24.79342
1.86 -24.78582
1.88 -24.78132
1.9 -24.77968
1.92 -24.7807
1.94 -24.78415
1.96 -24.78986
1.98 -24.79765
2 -24.80736
2.02 -24.81885
2.04 -24.83197
2.06 -24.84661
2.08 -24.86265
2.1 -24.87997
2.12 -24.89847
2.14 -24.91807
2.16 -24.93867
2.18 -24.96018
2.2 -24.98254
2.22 -25.00567
2.24 -25.02951
2.26 -25.05399
2.28 -25.07906
2.3 -25.10465
2.32 -25.13072
2.34 -25.15722
2.36 -25.18411
2.38 -25.21134
2.4 -25.23888
2.42 -25.26667
2.44 -25.2947
2.46 -25.32293
2.48 -25.35132
2.5 -25.37985
2.52 -25.40849
2.54 -25.43721
2.56 -25.46598
2.58 -25.49479
2.6 -25.52362
2.62 -25.55243
2.64 -25.58121
2.66 -25.60994
2.68 -25.6386
2.7 -25.66718
2.72 -25.69566
2.74 -25.72402
2.76 -25.75224
2.78 -25.78032
2.8 -25.80823
2.82 -25.83597
2.84 -25.86351
2.86 -25.89086
2.88 -25.91799
2.9 -25.94489
2.92 -25.97154
2.94 -25.99795
2.96 -26.02409
2.98 -26.04995
3 -26.07552
3.02 -26.1008
3.04 -26.12575
3.06 -26.15038
3.08 -26.17467
3.1 -26.19861
3.12 -26.22218
3.14 -26.24537
3.16 -26.26817
3.18 -26.29055
3.2 -26.31251
3.22 -26.33402
3.24 -26.35506
3.26 -26.37562
3.28 -26.39567
3.3 -26.41519
3.32 -26.43415
3.34 -26.45252
3.36 -26.47027
3.38 -26.48735
3.4 -26.50371
3.42 -26.51929
3.44 -26.534
3.46 -26.54775
3.48 -26.56042
3.5 -26.57195
3.52 -26.58229
3.54 -26.59142
3.56 -26.59936
3.58 -26.60614
3.6 -26.61181
3.62 -26.61643
3.64 -26.6201
3.66 -26.62288
3.68 -26.62488
3.7 -26.62618
3.72 -26.62687
3.74 -26.62705
3.76 -26.62681
3.78 -26.62623
3.8 -26.62541
3.82 -26.62442
3.84 -26.62335
3.86 -26.62228
3.88 -26.62127
3.9 -26.6204
3.92 -26.61973
3.94 -26.61933
3.96 -26.61925
3.98 -26.61956
4 -26.62031
4.02 -26.62154
4.04 -26.6233
4.06 -26.62565
4.08 -26.62861
4.1 -26.63223
4.12 -26.63654
4.14 -26.64158
4.16 -26.64738
4.18 -26.65396
4.2 -26.66135
4.22 -26.66958
4.24 -26.67868
4.26 -26.68865
4.28 -26.69952
4.3 -26.71131
4.32 -26.72403
4.34 -26.73769
4.36 -26.75231
4.38 -26.7679
4.4 -26.78447
4.42 -26.80203
4.44 -26.82059
4.46 -26.84014
4.48 -26.8607
4.5 -26.88227
4.52 -26.90485
4.54 -26.92845
4.56 -26.95307
4.58 -26.9787
4.6 -27.00535
4.62 -27.03302
4.64 -27.0617
4.66 -27.0914
4.68 -27.1221
4.7 -27.15382
4.72 -27.18653
4.74 -27.22024
4.76 -27.25495
4.78 -27.29064
4.8 -27.32731
4.82 -27.36496
4.84 -27.40358
4.86 -27.44316
4.88 -27.4837
4.9 -27.52518
4.92 -27.56761
4.94 -27.61096
4.96 -27.65524
4.98 -27.70043
5 -27.74653
5.02 -27.79352
5.04 -27.8414
5.06 -27.89016
5.08 -27.93979
5.1 -27.99028
5.12 -28.04162
5.14 -28.0938
5.16 -28.14681
5.18 -28.20063
5.2 -28.25527
5.22 -28.31071
5.24 -28.36694
5.26 -28.42395
5.28 -28.48172
5.3 -28.54026
5.32 -28.59954
5.34 -28.65957
5.36 -28.72032
5.38 -28.78179
5.4 -28.84396
5.42 -28.90684
5.44 -28.9704
5.46 -29.03463
5.48 -29.09954
5.5 -29.16509
5.52 -29.2313
5.54 -29.29814
5.56 -29.3656
5.58 -29.43369
5.6 -29.50237
5.62 -29.57166
5.64 -29.64153
5.66 -29.71197
5.68 -29.78298
5.7 -29.85455
5.72 -29.92666
5.74 -29.99931
5.76 -30.07249
5.78 -30.14619
5.8 -30.2204
5.82 -30.29511
5.84 -30.37031
5.86 -30.44599
5.88 -30.52214
5.9 -30.59875
5.92 -30.67583
5.94 -30.75334
5.96 -30.8313
5.98 -30.90968
6 -30.98849
6.02 -31.06771
6.04 -31.14733
6.06 -31.22735
6.08 -31.30775
6.1 -31.38854
6.12 -31.46969
6.14 -31.55121
6.16 -31.63309
6.18 -31.71532
6.2 -31.79788
6.22 -31.88078
6.24 -31.96401
6.26 -32.04756
6.28 -32.13141
6.3 -32.21557
6.32 -32.30003
6.34 -32.38478
6.36 -32.46982
6.38 -32.55513
6.4 -32.64071
6.42 -32.72656
6.44 -32.81266
6.46 -32.89902
6.48 -32.98562
6.5 -33.07246
6.52 -33.15953
6.54 -33.24683
6.56 -33.33435
6.58 -33.42208
6.6 -33.51003
6.62 -33.59818
6.64 -33.68652
6.66 -33.77506
6.68 -33.86379
6.7 -33.95269
6.72 -34.04178
6.74 -34.13104
6.76 -34.22046
6.78 -34.31004
6.8 -34.39978
6.82 -34.48967
6.84 -34.57971
6.86 -34.66989
6.88 -34.76021
6.9 -34.85066
6.92 -34.94124
6.94 -35.03194
6.96 -35.12277
6.98 -35.21371
7 -35.30476
7.02 -35.39591
7.04 -35.48717
7.06 -35.57853
7.08 -35.66999
7.1 -35.76154
7.12 -35.85317
7.14 -35.94489
7.16 -36.03669
7.18 -36.12856
7.2 -36.22051
7.22 -36.31253
7.24 -36.40461
7.26 -36.49676
7.28 -36.58896
7.3 -36.68123
7.32 -36.77354
7.34 -36.86591
7.36 -36.95832
7.38 -37.05078
7.4 -37.14328
7.42 -37.23581
7.44 -37.32839
7.46 -37.42099
7.48 -37.51363
7.5 -37.60629
7.52 -37.69897
7.54 -37.79168
7.56 -37.88441
7.58 -37.97715
7.6 -38.06991
7.62 -38.16268
7.64 -38.25546
7.66 -38.34825
7.68 -38.44104
7.7 -38.53384
7.72 -38.62664
7.74 -38.71943
7.76 -38.81222
7.78 -38.90501
7.8 -38.99779
7.82 -39.09056
7.84 -39.18331
7.86 -39.27606
7.88 -39.36879
7.9 -39.4615
7.92 -39.55419
7.94 -39.64686
7.96 -39.73951
7.98 -39.83214
8 -39.92474
8.02 -40.01731
8.04 -40.10985
8.06 -40.20237
8.08 -40.29485
8.1 -40.3873
8.12 -40.47971
8.14 -40.57208
8.16 -40.66442
8.18 -40.75672
8.2 -40.84898
8.22 -40.9412
8.24 -41.03338
8.26 -41.12551
8.28 -41.21759
8.3 -41.30963
8.32 -41.40162
8.34 -41.49356
8.36 -41.58545
8.38 -41.67729
8.4 -41.76908
8.42 -41.86081
8.44 -41.95249
8.46 -42.04412
8.48 -42.13569
8.5 -42.2272
8.52 -42.31865
8.54 -42.41004
8.56 -42.50137
8.58 -42.59265
8.6 -42.68386
8.62 -42.775
8.64 -42.86609
8.66 -42.9571
8.68 -43.04806
8.7 -43.13895
8.72 -43.22977
8.74 -43.32052
8.76 -43.41121
8.78 -43.50183
8.8 -43.59237
8.82 -43.68285
8.84 -43.77326
8.86 -43.86359
8.88 -43.95386
8.9 -44.04405
8.92 -44.13416
8.94 -44.22421
8.96 -44.31418
8.98 -44.40407
9 -44.49389
9.02 -44.58363
9.04 -44.6733
9.06 -44.76289
9.08 -44.8524
9.1 -44.94183
9.12 -45.03119
9.14 -45.12047
9.16 -45.20966
9.18 -45.29878
9.2 -45.38782
9.22 -45.47678
9.24 -45.56565
9.26 -45.65445
9.28 -45.74316
9.3 -45.83179
9.32 -45.92034
9.34 -46.0088
9.36 -46.09719
9.38 -46.18549
9.4 -46.2737
9.42 -46.36183
9.44 -46.44988
9.46 -46.53784
9.48 -46.62572
9.5 -46.71352
9.52 -46.80122
9.54 -46.88884
9.56 -46.97638
9.58 -47.06383
9.6 -47.15119
9.62 -47.23847
9.64 -47.32566
9.66 -47.41276
9.68 -47.49978
9.7 -47.58671
9.72 -47.67355
9.74 -47.7603
9.76 -47.84696
9.78 -47.93354
9.8 -48.02003
9.82 -48.10643
9.84 -48.19274
9.86 -48.27896
9.88 -48.36509
9.9 -48.45114
9.92 -48.53709
9.94 -48.62296
9.96 -48.70873
9.98 -48.79442
10 -48.88001
