0.02 0
0.04 2e-05
0.06 0.0007
0.08 0.00567
0.1 0.02371
0.12 0.06858
0.14 0.15752
0.16 0.30978
0.18 0.5457
0.2 0.88628
0.22 1.35313
0.24 1.96854
0.26 2.75577
0.28 3.73917
0.3 4.94433
0.32 6.3979
0.34 8.12714
0.36 10.15896
0.38 12.51831
0.4 15.2256
0.42 18.29335
0.44 21.72183
0.46 25.49448
0.48 29.57393
0.5 33.90012
0.52 38.39196
0.54 42.95315
0.56 47.48174
0.58 51.88096
0.6 56.06888
0.62 59.98426
0.64 63.58856
0.66 66.86402
0.68 69.80969
0.7 72.43686
0.72 74.76464
0.74 76.81646
0.76 78.61744
0.78 80.19267
0.8 81.56606
0.82 82.7598
0.84 83.79409
0.86 84.68704
0.88 85.45477
0.9 86.11155
0.92 86.66995
0.94 87.14103
0.96 87.53452
0.98 87.85897
1 88.12189
1.02 88.32989
1.04 88.48882
1.06 88.60381
1.08 88.67943
1.1 88.71971
1.12 88.72822
1.14 88.70817
1.16 88.66238
1.18 88.5934
1.2 88.50349
1.22 88.39468
1.24 88.2688
1.26 88.1275
1.28 87.97224
1.3 87.80438
1.32 87.6251
1.34 87.43552
1.36 87.23662
1.38 87.02929
1.4 86.81437
1.42 86.59259
1.44 86.36463
1.46 86.13112
1.48 85.89262
1.5 85.64965
1.52 85.40269
1.54 85.15218
1.56 84.89851
1.58 84.64205
1.6 84.38314
1.62 84.1221
1.64 83.85921
1.66 83.59474
1.68 83.32892
1.7 83.06199
1.72 82.79415
1.74 82.52561
1.76 82.25652
1.78 81.98707
1.8 81.71741
1.82 81.44767
1.84 81.17798
1.86 80.90848
1.88 80.63927
1.9 80.37046
1.92 80.10215
1.94 79.83442
1.96 79.56737
1.98 79.30107
2 79.03559
2.02 78.771
2.04 78.50737
2.06 78.24476
2.08 77.98321
2.1 77.72278
2.12 77.46352
2.14 77.20548
2.16 76.94869
2.18 76.69319
2.2 76.43902
2.22 76.18621
2.24 75.93479
2.26 75.6848
2.28 75.43625
2.3 75.18918
2.32 74.94361
2.34 74.69956
2.36 74.45704
2.38 74.21609
2.4 73.97671
2.42 73.73893
2.44 73.50276
2.46 73.26821
2.48 73.0353
2.5 72.80403
2.52 72.57443
2.54 72.3465
2.56 72.12025
2.58 71.89569
2.6 71.67284
2.62 71.45169
2.64 71.23226
2.66 71.01455
2.68 70.79857
2.7 70.58433
2.72 70.37182
2.74 70.16107
2.76 69.95207
2.78 69.74483
2.8 69.53935
2.82 69.33564
2.84 69.13369
2.86 68.93353
2.88 68.73514
2.9 68.53853
2.92 68.34371
2.94 68.15067
2.96 67.95943
2.98 67.76998
3 67.58233
3.02 67.39649
3.04 67.21244
3.06 67.0302
3.08 66.84978
3.1 66.67116
3.12 66.49436
3.14 66.31938
3.16 66.14622
3.18 65.97488
3.2 65.80537
3.22 65.63769
3.24 65.47185
3.26 65.30784
3.28 65.14567
3.3 64.98535
3.32 64.82688
3.34 64.67026
3.36 64.5155
3.38 64.36259
3.4 64.21156
3.42 64.06239
3.44 63.91511
3.46 63.7697
3.48 63.62618
3.5 63.48456
3.52 63.34484
3.54 63.20703
3.56 63.07114
3.58 62.93717
3.6 62.80515
3.62 62.67508
3.64 62.54696
3.66 62.42082
3.68 62.29666
3.7 62.1745
3.72 62.05434
3.74 61.93619
3.76 61.82007
3.78 61.70598
3.8 61.59394
3.82 61.48395
3.84 61.37602
3.86 61.27016
3.88 61.16638
3.9 61.06469
3.92 60.96509
3.94 60.86759
3.96 60.7722
3.98 60.67892
4 60.58777
4.02 60.49875
4.04 60.41186
4.06 60.32712
4.08 60.24452
4.1 60.16409
4.12 60.08581
4.14 60.0097
4.16 59.93576
4.18 59.864
4.2 59.79443
4.22 59.72705
4.24 59.66186
4.26 59.59888
4.28 59.5381
4.3 59.47954
4.32 59.42319
4.34 59.36907
4.36 59.31717
4.38 59.26751
4.4 59.22008
4.42 59.1749
4.44 59.13196
4.46 59.09128
4.48 59.05285
4.5 59.01668
4.52 58.98278
4.54 58.95115
4.56 58.92179
4.58 58.89472
4.6 58.86992
4.62 58.84742
4.64 58.8272
4.66 58.80928
4.68 58.79365
4.7 58.78033
4.72 58.76931
4.74 58.7606
4.76 58.7542
4.78 58.75012
4.8 58.74835
4.82 58.7489
4.84 58.75177
4.86 58.75697
4.88 58.7645
4.9 58.77435
4.92 58.78653
4.94 58.80105
4.96 58.81789
4.98 58.83707
5 58.85859
5.02 58.88244
5.04 58.90863
5.06 58.93715
5.08 58.96801
5.1 59.00121
5.12 59.03674
5.14 59.0746
5.16 59.11479
5.18 59.15732
5.2 59.20217
5.22 59.24936
5.24 59.29886
5.26 59.35069
5.28 59.40483
5.3 59.46129
5.32 59.52006
5.34 59.58114
5.36 59.64452
5.38 59.71019
5.4 59.77816
5.42 59.84841
5.44 59.92094
5.46 59.99575
5.48 60.07282
5.5 60.15214
5.52 60.23372
5.54 60.31754
5.56 60.4036
5.58 60.49188
5.6 60.58238
5.62 60.67508
5.64 60.76998
5.66 60.86706
5.68 60.96631
5.7 61.06773
5.72 61.1713
5.74 61.277
5.76 61.38484
5.78 61.49478
5.8 61.60682
5.82 61.72095
5.84 61.83714
5.86 61.95539
5.88 62.07568
5.9 62.198
5.92 62.32233
5.94 62.44864
5.96 62.57694
5.98 62.70719
6 62.83939
6.02 62.97351
6.04 63.10953
6.06 63.24745
6.08 63.38724
6.1 63.52887
6.12 63.67235
6.14 63.81763
6.16 63.96471
6.18 64.11357
6.2 64.26418
6.22 64.41653
6.24 64.5706
6.26 64.72636
6.28 64.8838
6.3 65.04289
6.32 65.20362
6.34 65.36597
6.36 65.52991
6.38 65.69543
6.4 65.86251
6.42 66.03112
6.44 66.20124
6.46 66.37287
6.48 66.54597
6.5 66.72052
6.52 66.89652
6.54 67.07393
6.56 67.25274
6.58 67.43294
6.6 67.61449
6.62 67.7974
6.64 67.98162
6.66 68.16716
6.68 68.35399
6.7 68.5421
6.72 68.73146
6.74 68.92207
6.76 69.1139
6.78 69.30695
6.8 69.5012
6.82 69.69663
6.84 69.89323
6.86 70.09099
6.88 70.2899
6.9 70.48993
6.92 70.69109
6.94 70.89336
6.96 71.09674
6.98 71.3012
7 71.50674
7.02 71.71336
7.04 71.92104
7.06 72.12978
7.08 72.33957
7.1 72.55041
7.12 72.76228
7.14 72.9752
7.16 73.18914
7.18 73.40411
7.2 73.6201
7.22 73.83712
7.24 74.05516
7.26 74.27421
7.28 74.49429
7.3 74.71538
7.32 74.93749
7.34 75.16063
7.36 75.38479
7.38 75.60997
7.4 75.83618
7.42 76.06342
7.44 76.29169
7.46 76.52101
7.48 76.75137
7.5 76.98278
7.52 77.21525
7.54 77.44877
7.56 77.68337
7.58 77.91904
7.6 78.15579
7.62 78.39364
7.64 78.63258
7.66 78.87263
7.68 79.11379
7.7 79.35607
7.72 79.59948
7.74 79.84404
7.76 80.08974
7.78 80.3366
7.8 80.58463
7.82 80.83383
7.84 81.08422
7.86 81.3358
7.88 81.58858
7.9 81.84256
7.92 82.09777
7.94 82.35421
7.96 82.61187
7.98 82.87078
8 83.13093
8.02 83.39234
8.04 83.65501
8.06 83.91894
8.08 84.18414
8.1 84.45061
8.12 84.71836
8.14 84.98739
8.16 85.2577
8.18 85.5293
8.2 85.80217
8.22 86.07633
8.24 86.35177
8.26 86.62848
8.28 86.90647
8.3 87.18573
8.32 87.46625
8.34 87.74803
8.36 88.03105
8.38 88.31531
8.4 88.6008
8.42 88.88749
8.44 89.17539
8.46 89.46447
8.48 89.75472
8.5 -89.95388
8.52 -89.66135
8.54 -89.36771
8.56 -89.07299
8.58 -88.77721
8.6 -88.4804
8.62 -88.18257
8.64 -87.88377
8.66 -87.58403
8.68 -87.28337
8.7 -86.98183
8.72 -86.67945
8.74 -86.37626
8.76 -86.0723
8.78 -85.76762
8.8 -85.46225
8.82 -85.15625
8.84 -84.84965
8.86 -84.5425
8.88 -84.23485
8.9 -83.92675
8.92 -83.61825
8.94 -83.30941
8.96 -83.00027
8.98 -82.69089
9 -82.38133
9.02 -82.07164
9.04 -81.76188
9.06 -81.45212
9.08 -81.1424
9.1 -80.83279
9.12 -80.52335
9.14 -80.21415
9.16 -79.90524
9.18 -79.59668
9.2 -79.28855
9.22 -78.9809
9.24 -78.67379
9.26 -78.36729
9.28 -78.06146
9.3 -77.75636
9.32 -77.45206
9.34 -77.14862
9.36 -76.8461
9.38 -76.54457
9.4 -76.24407
9.42 -75.94468
9.44 -75.64645
9.46 -75.34944
9.48 -75.05372
9.5 -74.75932
9.52 -74.46632
9.54 -74.17476
9.56 -73.88471
9.58 -73.5962
9.6 -73.30929
9.62 -73.02404
9.64 -72.74049
9.66 -72.45868
9.68 -72.17866
9.7 -71.90047
9.72 -71.62416
9.74 -71.34977
9.76 -71.07734
9.78 -70.80689
9.8 -70.53848
9.82 -70.27212
9.84 -70.00786
9.86 -69.74573
9.88 -69.48575
9.9 -69.22795
9.92 -68.97235
9.94 -68.71899
9.96 -68.46788
9.98 -68.21904
10 -67.97249
