0.02 0
0.04 0
0.06 3e-05
0.08 0.00022
0.1 0.00098
0.12 0.00295
0.14 0.00702
0.16 0.01427
0.18 0.02592
0.2 0.04328
0.22 0.06776
0.24 0.10085
0.26 0.14412
0.28 0.19926
0.3 0.26804
0.32 0.3524
0.34 0.45443
0.36 0.57643
0.38 0.72097
0.4 0.89089
0.42 1.08943
0.44 1.32026
0.46 1.58762
0.48 1.89642
0.5 2.25237
0.52 2.66223
0.54 3.13404
0.56 3.67741
0.58 4.30399
0.6 5.02799
0.62 5.86692
0.64 6.84262
0.66 7.98256
0.68 9.32173
0.7 10.90517
0.72 12.79151
0.74 15.0579
0.76 17.80662
0.78 21.17374
0.8 25.33901
0.82 30.53365
0.84 37.03516
0.86 45.12367
0.88 54.95791
0.9 66.35505
0.92 78.60641
0.94 -89.37962
0.96 -78.58025
0.98 -69.47487
1 -62.07232
1.02 -56.14086
1.04 -51.39205
1.06 -47.56561
1.08 -44.45249
1.1 -41.89257
1.12 -39.7652
1.14 -37.97965
1.16 -36.46731
1.18 -35.17584
1.2 -34.06484
1.22 -33.10284
1.24 -32.26498
1.26 -31.53149
1.28 -30.88644
1.3 -30.31686
1.32 -29.81215
1.34 -29.36353
1.36 -28.96367
1.38 -28.60645
1.4 -28.28667
1.42 -27.99993
1.44 -27.74245
1.46 -27.51099
1.48 -27.30276
1.5 -27.1153
1.52 -26.94652
1.54 -26.79454
1.56 -26.65773
1.58 -26.53464
1.6 -26.42401
1.62 -26.3247
1.64 -26.23569
1.66 -26.15608
1.68 -26.08506
1.7 -26.0219
1.72 -25.96594
1.74 -25.91659
1.76 -25.87331
1.78 -25.83562
1.8 -25.80307
1.82 -25.77526
1.84 -25.75183
1.86 -25.73243
1.88 -25.71675
1.9 -25.70453
1.92 -25.69549
1.94 -25.68939
1.96 -25.68603
1.98 -25.68519
2 -25.68669
2.02 -25.69036
2.04 -25.69603
2.06 -25.70357
2.08 -25.71282
2.1 -25.72367
2.12 -25.73599
2.14 -25.74968
2.16 -25.76463
2.18 -25.78075
2.2 -25.79794
2.22 -25.81613
2.24 -25.83523
2.26 -25.85518
2.28 -25.87591
2.3 -25.89735
2.32 -25.91944
2.34 -25.94212
2.36 -25.96535
2.38 -25.98908
2.4 -26.01326
2.42 -26.03784
2.44 -26.06279
2.46 -26.08806
2.48 -26.11362
2.5 -26.13944
2.52 -26.16549
2.54 -26.19172
2.56 -26.21813
2.58 -26.24467
2.6 -26.27132
2.62 -26.29806
2.64 -26.32487
2.66 -26.35172
2.68 -26.37859
2.7 -26.40547
2.72 -26.43233
2.74 -26.45916
2.76 -26.48593
2.78 -26.51264
2.8 -26.53927
2.82 -26.5658
2.84 -26.59222
2.86 -26.61851
2.88 -26.64466
2.9 -26.67066
2.92 -26.6965
2.94 -26.72215
2.96 -26.74762
2.98 -26.77289
3 -26.79795
3.02 -26.82278
3.04 -26.84738
3.06 -26.87173
3.08 -26.89582
3.1 -26.91964
3.12 -26.94318
3.14 -26.96643
3.16 -26.98937
3.18 -27.012
3.2 -27.0343
3.22 -27.05625
3.24 -27.07785
3.26 -27.09908
3.28 -27.11993
3.3 -27.14037
3.32 -27.1604
3.34 -27.17999
3.36 -27.19913
3.38 -27.21779
3.4 -27.23595
3.42 -27.25358
3.44 -27.27066
3.46 -27.28716
3.48 -27.30303
3.5 -27.31823
3.52 -27.3327
3.54 -27.34638
3.56 -27.35916
3.58 -27.37094
3.6 -27.38163
3.62 -27.39117
3.64 -27.39953
3.66 -27.40671
3.68 -27.41273
3.7 -27.41764
3.72 -27.42148
3.74 -27.42435
3.76 -27.42631
3.78 -27.42746
3.8 -27.42788
3.82 -27.42767
3.84 -27.42691
3.86 -27.42571
3.88 -27.42414
3.9 -27.4223
3.92 -27.42027
3.94 -27.41813
3.96 -27.41596
3.98 -27.41384
4 -27.41184
4.02 -27.41002
4.04 -27.40845
4.06 -27.4072
4.08 -27.40631
4.1 -27.40585
4.12 -27.40587
4.14 -27.40641
4.16 -27.40752
4.18 -27.40924
4.2 -27.41161
4.22 -27.41468
4.24 -27.41846
4.26 -27.42301
4.28 -27.42834
4.3 -27.43448
4.32 -27.44146
4.34 -27.4493
4.36 -27.45803
4.38 -27.46766
4.4 -27.47821
4.42 -27.4897
4.44 -27.50214
4.46 -27.51555
4.48 -27.52993
4.5 -27.5453
4.52 -27.56166
4.54 -27.57903
4.56 -27.59741
4.58 -27.6168
4.6 -27.63721
4.62 -27.65865
4.64 -27.68111
4.66 -27.7046
4.68 -27.72912
4.7 -27.75466
4.72 -27.78124
4.74 -27.80884
4.76 -27.83746
4.78 -27.86711
4.8 -27.89777
4.82 -27.92945
4.84 -27.96214
4.86 -27.99583
4.88 -28.03052
4.9 -28.06621
4.92 -28.10288
4.94 -28.14053
4.96 -28.17916
4.98 -28.21875
5 -28.25931
5.02 -28.30081
5.04 -28.34325
5.06 -28.38663
5.08 -28.43094
5.1 -28.47616
5.12 -28.52228
5.14 -28.56931
5.16 -28.61723
5.18 -28.66602
5.2 -28.71569
5.22 -28.76621
5.24 -28.81758
5.26 -28.8698
5.28 -28.92284
5.3 -28.9767
5.32 -29.03137
5.34 -29.08684
5.36 -29.1431
5.38 -29.20013
5.4 -29.25794
5.42 -29.3165
5.44 -29.3758
5.46 -29.43585
5.48 -29.49661
5.5 -29.5581
5.52 -29.62028
5.54 -29.68316
5.56 -29.74673
5.58 -29.81097
5.6 -29.87587
5.62 -29.94142
5.64 -30.00761
5.66 -30.07444
5.68 -30.14189
5.7 -30.20995
5.72 -30.27861
5.74 -30.34786
5.76 -30.41769
5.78 -30.4881
5.8 -30.55906
5.82 -30.63058
5.84 -30.70264
5.86 -30.77523
5.88 -30.84835
5.9 -30.92198
5.92 -30.99611
5.94 -31.07074
5.96 -31.14585
5.98 -31.22144
6 -31.2975
6.02 -31.37402
6.04 -31.45098
6.06 -31.52839
6.08 -31.60623
6.1 -31.68449
6.12 -31.76316
6.14 -31.84225
6.16 -31.92173
6.18 -32.0016
6.2 -32.08186
6.22 -32.16249
6.24 -32.24348
6.26 -32.32483
6.28 -32.40654
6.3 -32.48858
6.32 -32.57096
6.34 -32.65367
6.36 -32.7367
6.38 -32.82005
6.4 -32.9037
6.42 -32.98764
6.44 -33.07188
6.46 -33.15641
6.48 -33.24121
6.5 -33.32629
6.52 -33.41163
6.54 -33.49723
6.56 -33.58308
6.58 -33.66918
6.6 -33.75552
6.62 -33.84209
6.64 -33.92888
6.66 -34.0159
6.68 -34.10314
6.7 -34.19058
6.72 -34.27823
6.74 -34.36608
6.76 -34.45412
6.78 -34.54234
6.8 -34.63075
6.82 -34.71934
6.84 -34.80809
6.86 -34.89702
6.88 -34.9861
6.9 -35.07534
6.92 -35.16473
6.94 -35.25427
6.96 -35.34395
6.98 -35.43377
7 -35.52372
7.02 -35.6138
7.04 -35.704
7.06 -35.79433
7.08 -35.88476
7.1 -35.97531
7.12 -36.06597
7.14 -36.15672
7.16 -36.24758
7.18 -36.33853
7.2 -36.42957
7.22 -36.5207
7.24 -36.61191
7.26 -36.70321
7.28 -36.79457
7.3 -36.88601
7.32 -36.97752
7.34 -37.0691
7.36 -37.16074
7.38 -37.25243
7.4 -37.34418
7.42 -37.43599
7.44 -37.52784
7.46 -37.61974
7.48 -37.71168
7.5 -37.80367
7.52 -37.89569
7.54 -37.98774
7.56 -38.07983
7.58 -38.17195
7.6 -38.26409
7.62 -38.35626
7.64 -38.44844
7.66 -38.54065
7.68 -38.63287
7.7 -38.72511
7.72 -38.81735
7.74 -38.90961
7.76 -39.00187
7.78 -39.09414
7.8 -39.1864
7.82 -39.27867
7.84 -39.37094
7.86 -39.4632
7.88 -39.55545
7.9 -39.6477
7.92 -39.73994
7.94 -39.83216
7.96 -39.92437
7.98 -40.01656
8 -40.10874
8.02 -40.20089
8.04 -40.29303
8.06 -40.38514
8.08 -40.47722
8.1 -40.56928
8.12 -40.66131
8.14 -40.75331
8.16 -40.84528
8.18 -40.93722
8.2 -41.02912
8.22 -41.12099
8.24 -41.21282
8.26 -41.30461
8.28 -41.39636
8.3 -41.48807
8.32 -41.57974
8.34 -41.67137
8.36 -41.76294
8.38 -41.85448
8.4 -41.94596
8.42 -42.0374
8.44 -42.12878
8.46 -42.22012
8.48 -42.3114
8.5 -42.40263
8.52 -42.49381
8.54 -42.58493
8.56 -42.676
8.58 -42.767
8.6 -42.85795
8.62 -42.94884
8.64 -43.03967
8.66 -43.13044
8.68 -43.22115
8.7 -43.3118
8.72 -43.40238
8.74 -43.4929
8.76 -43.58335
8.78 -43.67374
8.8 -43.76406
8.82 -43.85431
8.84 -43.94449
8.86 -44.03461
8.88 -44.12466
8.9 -44.21463
8.92 -44.30454
8.94 -44.39437
8.96 -44.48413
8.98 -44.57382
9 -44.66344
9.02 -44.75298
9.04 -44.84245
9.06 -44.93184
9.08 -45.02116
9.1 -45.1104
9.12 -45.19957
9.14 -45.28865
9.16 -45.37766
9.18 -45.4666
9.2 -45.55545
9.22 -45.64423
9.24 -45.73292
9.26 -45.82154
9.28 -45.91007
9.3 -45.99853
9.32 -46.0869
9.34 -46.17519
9.36 -46.2634
9.38 -46.35153
9.4 -46.43958
9.42 -46.52754
9.44 -46.61542
9.46 -46.70322
9.48 -46.79093
9.5 -46.87856
9.52 -46.9661
9.54 -47.05356
9.56 -47.14093
9.58 -47.22822
9.6 -47.31542
9.62 -47.40254
9.64 -47.48957
9.66 -47.57652
9.68 -47.66338
9.7 -47.75015
9.72 -47.83683
9.74 -47.92343
9.76 -48.00994
9.78 -48.09636
9.8 -48.1827
9.82 -48.26894
9.84 -48.3551
9.86 -48.44117
9.88 -48.52715
9.9 -48.61305
9.92 -48.69885
9.94 -48.78457
9.96 -48.87019
9.98 -48.95573
10 -49.04118
