0.02 0
0.04 2e-05
0.06 0.00071
0.08 0.00572
0.1 0.02391
0.12 0.06918
0.14 0.15893
0.16 0.31265
0.18 0.55097
0.2 0.89521
0.22 1.36738
0.24 1.99028
0.26 2.78772
0.28 3.78476
0.3 5.00781
0.32 6.48447
0.34 8.24308
0.36 10.3117
0.38 12.71637
0.4 15.47849
0.42 18.61106
0.44 22.11413
0.46 25.96981
0.48 30.13811
0.5 34.55499
0.52 39.13444
0.54 43.77508
0.56 48.37056
0.58 52.82123
0.6 57.0442
0.62 60.97893
0.64 64.58884
0.66 67.85875
0.68 70.79044
0.7 73.39767
0.72 75.70165
0.74 77.72744
0.76 79.50142
0.78 81.04953
0.8 82.3963
0.82 83.56434
0.84 84.57406
0.86 85.44371
0.88 86.18947
0.9 86.82562
0.92 87.36469
0.94 87.8177
0.96 88.19431
0.98 88.503
1 88.75121
1.02 88.9455
1.04 89.09161
1.06 89.19465
1.08 89.25909
1.1 89.28893
1.12 89.28768
1.14 89.2585
1.16 89.20416
1.18 89.12717
1.2 89.02975
1.22 88.91391
1.24 88.78143
1.26 88.63393
1.28 88.47287
1.3 88.29955
1.32 88.11515
1.34 87.92076
1.36 87.71734
1.38 87.50578
1.4 87.28687
1.42 87.06135
1.44 86.82988
1.46 86.59308
1.48 86.3515
1.5 86.10564
1.52 85.85598
1.54 85.60293
1.56 85.3469
1.58 85.08824
1.6 84.82728
1.62 84.56433
1.64 84.29966
1.66 84.03355
1.68 83.76622
1.7 83.49789
1.72 83.22878
1.74 82.95906
1.76 82.68892
1.78 82.41851
1.8 82.14798
1.82 81.87748
1.84 81.60712
1.86 81.33704
1.88 81.06733
1.9 80.79811
1.92 80.52946
1.94 80.26148
1.96 79.99425
1.98 79.72784
2 79.46233
2.02 79.19778
2.04 78.93426
2.06 78.67181
2.08 78.41051
2.1 78.15038
2.12 77.89149
2.14 77.63386
2.16 77.37756
2.18 77.1226
2.2 76.86903
2.22 76.61688
2.24 76.36618
2.26 76.11695
2.28 75.86923
2.3 75.62303
2.32 75.37839
2.34 75.13532
2.36 74.89384
2.38 74.65397
2.4 74.41572
2.42 74.17912
2.44 73.94418
2.46 73.71092
2.48 73.47933
2.5 73.24945
2.52 73.02127
2.54 72.79482
2.56 72.57009
2.58 72.3471
2.6 72.12587
2.62 71.90638
2.64 71.68866
2.66 71.47271
2.68 71.25854
2.7 71.04615
2.72 70.83555
2.74 70.62675
2.76 70.41974
2.78 70.21454
2.8 70.01115
2.82 69.80958
2.84 69.60983
2.86 69.41189
2.88 69.21579
2.9 69.02151
2.92 68.82907
2.94 68.63847
2.96 68.44971
2.98 68.2628
3 68.07773
3.02 67.89452
3.04 67.71316
3.06 67.53366
3.08 67.35603
3.1 67.18026
3.12 67.00636
3.14 66.83434
3.16 66.66419
3.18 66.49592
3.2 66.32954
3.22 66.16505
3.24 66.00245
3.26 65.84175
3.28 65.68295
3.3 65.52606
3.32 65.37109
3.34 65.21803
3.36 65.0669
3.38 64.9177
3.4 64.77044
3.42 64.62513
3.44 64.48177
3.46 64.34037
3.48 64.20095
3.5 64.06351
3.52 63.92807
3.54 63.79463
3.56 63.66322
3.58 63.53383
3.6 63.40648
3.62 63.28118
3.64 63.15794
3.66 63.03677
3.68 62.91768
3.7 62.80068
3.72 62.68578
3.74 62.57298
3.76 62.4623
3.78 62.35374
3.8 62.24731
3.82 62.14301
3.84 62.04086
3.86 61.94087
3.88 61.84303
3.9 61.74736
3.92 61.65386
3.94 61.56253
3.96 61.4734
3.98 61.38645
4 61.3017
4.02 61.21915
4.04 61.13882
4.06 61.06069
4.08 60.98479
4.1 60.91111
4.12 60.83967
4.14 60.77046
4.16 60.70349
4.18 60.63877
4.2 60.57631
4.22 60.5161
4.24 60.45815
4.26 60.40247
4.28 60.34906
4.3 60.29793
4.32 60.24909
4.34 60.20252
4.36 60.15825
4.38 60.11628
4.4 60.0766
4.42 60.03923
4.44 60.00417
4.46 59.97142
4.48 59.94099
4.5 59.91288
4.52 59.88709
4.54 59.86363
4.56 59.8425
4.58 59.82371
4.6 59.80726
4.62 59.79315
4.64 59.78138
4.66 59.77197
4.68 59.7649
4.7 59.76019
4.72 59.75783
4.74 59.75784
4.76 59.7602
4.78 59.76493
4.8 59.77202
4.82 59.78148
4.84 59.7933
4.86 59.8075
4.88 59.82406
4.9 59.843
4.92 59.8643
4.94 59.88798
4.96 59.91403
4.98 59.94244
5 59.97323
5.02 60.00639
5.04 60.04192
5.06 60.07981
5.08 60.12007
5.1 60.16269
5.12 60.20767
5.14 60.25501
5.16 60.30471
5.18 60.35676
5.2 60.41115
5.22 60.46789
5.24 60.52697
5.26 60.58838
5.28 60.65212
5.3 60.71819
5.32 60.78657
5.34 60.85727
5.36 60.93027
5.38 61.00557
5.4 61.08316
5.42 61.16303
5.44 61.24517
5.46 61.32958
5.48 61.41625
5.5 61.50516
5.52 61.59631
5.54 61.68968
5.56 61.78527
5.58 61.88306
5.6 61.98305
5.62 62.08521
5.64 62.18954
5.66 62.29603
5.68 62.40466
5.7 62.51541
5.72 62.62828
5.74 62.74324
5.76 62.86029
5.78 62.97941
5.8 63.10058
5.82 63.22379
5.84 63.34902
5.86 63.47625
5.88 63.60546
5.9 63.73665
5.92 63.86979
5.94 64.00486
5.96 64.14185
5.98 64.28073
6 64.4215
6.02 64.56412
6.04 64.70858
6.06 64.85487
6.08 65.00296
6.1 65.15282
6.12 65.30445
6.14 65.45783
6.16 65.61292
6.18 65.76972
6.2 65.9282
6.22 66.08834
6.24 66.25013
6.26 66.41353
6.28 66.57854
6.3 66.74513
6.32 66.91328
6.34 67.08297
6.36 67.25419
6.38 67.42691
6.4 67.60111
6.42 67.77678
6.44 67.95389
6.46 68.13243
6.48 68.31237
6.5 68.49371
6.52 68.67642
6.54 68.86048
6.56 69.04588
6.58 69.2326
6.6 69.42062
6.62 69.60993
6.64 69.80052
6.66 69.99236
6.68 70.18544
6.7 70.37975
6.72 70.57527
6.74 70.772
6.76 70.96991
6.78 71.169
6.8 71.36926
6.82 71.57067
6.84 71.77322
6.86 71.9769
6.88 72.18171
6.9 72.38763
6.92 72.59466
6.94 72.80279
6.96 73.01202
6.98 73.22232
7 73.43371
7.02 73.64618
7.04 73.85971
7.06 74.07431
7.08 74.28998
7.1 74.50671
7.12 74.7245
7.14 74.94334
7.16 75.16324
7.18 75.3842
7.2 75.60622
7.22 75.8293
7.24 76.05343
7.26 76.27863
7.28 76.5049
7.3 76.73223
7.32 76.96063
7.34 77.19011
7.36 77.42067
7.38 77.65231
7.4 77.88504
7.42 78.11887
7.44 78.35381
7.46 78.58985
7.48 78.82701
7.5 79.06528
7.52 79.30469
7.54 79.54524
7.56 79.78693
7.58 80.02978
7.6 80.27379
7.62 80.51896
7.64 80.76532
7.66 81.01286
7.68 81.26159
7.7 81.51153
7.72 81.76268
7.74 82.01504
7.76 82.26864
7.78 82.52346
7.8 82.77953
7.82 83.03684
7.84 83.29541
7.86 83.55525
7.88 83.81634
7.9 84.07871
7.92 84.34236
7.94 84.60729
7.96 84.8735
7.98 85.141
8 85.40979
8.02 85.67988
8.04 85.95125
8.06 86.22391
8.08 86.49787
8.1 86.77311
8.12 87.04964
8.14 87.32745
8.16 87.60653
8.18 87.88688
8.2 88.16849
8.22 88.45136
8.24 88.73546
8.26 89.0208
8.28 89.30735
8.3 89.59511
8.32 89.88405
8.34 -89.82584
8.36 -89.53458
8.38 -89.24218
8.4 -88.94868
8.42 -88.6541
8.44 -88.35845
8.46 -88.06177
8.48 -87.76408
8.5 -87.46542
8.52 -87.16582
8.54 -86.8653
8.56 -86.56391
8.58 -86.26168
8.6 -85.95864
8.62 -85.65485
8.64 -85.35033
8.66 -85.04513
8.68 -84.7393
8.7 -84.43288
8.72 -84.12593
8.74 -83.81847
8.76 -83.51058
8.78 -83.2023
8.8 -82.89367
8.82 -82.58477
8.84 -82.27563
8.86 -81.96632
8.88 -81.6569
8.9 -81.34741
8.92 -81.03793
8.94 -80.72851
8.96 -80.41922
8.98 -80.1101
9 -79.80123
9.02 -79.49267
9.04 -79.18447
9.06 -78.87671
9.08 -78.56945
9.1 -78.26274
9.12 -77.95666
9.14 -77.65126
9.16 -77.34661
9.18 -77.04277
9.2 -76.73981
9.22 -76.43778
9.24 -76.13675
9.26 -75.83677
9.28 -75.53792
9.3 -75.24024
9.32 -74.9438
9.34 -74.64865
9.36 -74.35486
9.38 -74.06246
9.4 -73.77153
9.42 -73.48212
9.44 -73.19427
9.46 -72.90803
9.48 -72.62346
9.5 -72.3406
9.52 -72.05951
9.54 -71.78022
9.56 -71.50277
9.58 -71.22721
9.6 -70.95359
9.62 -70.68193
9.64 -70.41228
9.66 -70.14466
9.68 -69.87913
9.7 -69.61569
9.72 -69.35439
9.74 -69.09526
9.76 -68.83832
9.78 -68.58359
9.8 -68.33111
9.82 -68.08088
9.84 -67.83294
9.86 -67.5873
9.88 -67.34398
9.9 -67.10299
9.92 -66.86435
9.94 -66.62807
9.96 -66.39416
9.98 -66.16263
10 -65.93349
