0.02 -0
0.04 -1e-05
0.06 -0.00044
0.08 -0.00338
0.1 -0.01348
0.12 -0.03711
0.14 -0.08097
0.16 -0.15091
0.18 -0.25138
0.2 -0.38523
0.22 -0.55385
0.24 -0.75731
0.26 -0.99475
0.28 -1.26455
0.3 -1.5646
0.32 -1.8925
0.34 -2.24567
0.36 -2.62152
0.38 -3.01747
0.4 -3.43105
0.42 -3.85992
0.44 -4.30187
0.46 -4.75486
0.48 -5.21704
0.5 -5.68668
0.52 -6.16224
0.54 -6.6423
0.56 -7.12559
0.58 -7.61098
0.6 -8.09745
0.62 -8.58406
0.64 -9.07001
0.66 -9.55456
0.68 -10.03707
0.7 -10.51695
0.72 -10.9937
0.74 -11.46686
0.76 -11.93603
0.78 -12.40086
0.8 -12.86103
0.82 -13.31628
0.84 -13.76636
0.86 -14.21106
0.88 -14.6502
0.9 -15.08363
0.92 -15.5112
0.94 -15.93281
0.96 -16.34835
0.98 -16.75773
1 -17.16088
1.02 -17.55775
1.04 -17.9483
1.06 -18.33246
1.08 -18.71023
1.1 -19.08157
1.12 -19.44648
1.14 -19.80492
1.16 -20.15692
1.18 -20.50245
1.2 -20.84152
1.22 -21.17414
1.24 -21.50032
1.26 -21.82006
1.28 -22.13338
1.3 -22.44029
1.32 -22.7408
1.34 -23.03494
1.36 -23.32272
1.38 -23.60415
1.4 -23.87926
1.42 -24.14806
1.44 -24.41056
1.46 -24.66679
1.48 -24.91676
1.5 -25.16048
1.52 -25.39798
1.54 -25.62926
1.56 -25.85434
1.58 -26.07323
1.6 -26.28594
1.62 -26.49248
1.64 -26.69287
1.66 -26.8871
1.68 -27.07519
1.7 -27.25713
1.72 -27.43293
1.74 -27.60259
1.76 -27.76612
1.78 -27.9235
1.8 -28.07474
1.82 -28.21983
1.84 -28.35875
1.86 -28.49151
1.88 -28.61809
1.9 -28.73847
1.92 -28.85264
1.94 -28.96058
1.96 -29.06227
1.98 -29.1577
2 -29.24682
2.02 -29.32962
2.04 -29.40608
2.06 -29.47614
2.08 -29.53979
2.1 -29.59699
2.12 -29.64769
2.14 -29.69185
2.16 -29.72943
2.18 -29.76039
2.2 -29.78467
2.22 -29.80221
2.24 -29.81297
2.26 -29.81688
2.28 -29.81389
2.3 -29.80392
2.32 -29.78691
2.34 -29.76278
2.36 -29.73147
2.38 -29.6929
2.4 -29.64697
2.42 -29.59362
2.44 -29.53274
2.46 -29.46425
2.48 -29.38805
2.5 -29.30405
2.52 -29.21213
2.54 -29.11219
2.56 -29.00413
2.58 -28.88781
2.6 -28.76313
2.62 -28.62997
2.64 -28.48818
2.66 -28.33764
2.68 -28.17822
2.7 -28.00977
2.72 -27.83215
2.74 -27.64521
2.76 -27.44879
2.78 -27.24273
2.8 -27.02687
2.82 -26.80105
2.84 -26.56509
2.86 -26.31881
2.88 -26.06203
2.9 -25.79457
2.92 -25.51623
2.94 -25.22683
2.96 -24.92615
2.98 -24.61401
3 -24.29019
3.02 -23.95448
3.04 -23.60667
3.06 -23.24655
3.08 -22.87389
3.1 -22.48847
3.12 -22.09006
3.14 -21.67845
3.16 -21.2534
3.18 -20.81468
3.2 -20.36208
3.22 -19.89535
3.24 -19.41429
3.26 -18.91865
3.28 -18.40822
3.3 -17.88278
3.32 -17.34213
3.34 -16.78605
3.36 -16.21435
3.38 -15.62684
3.4 -15.02333
3.42 -14.40366
3.44 -13.76767
3.46 -13.11521
3.48 -12.44618
3.5 -11.76045
3.52 -11.05793
3.54 -10.33857
3.56 -9.60232
3.58 -8.84915
3.6 -8.07909
3.62 -7.29216
3.64 -6.48844
3.66 -5.66803
3.68 -4.83107
3.7 -3.97774
3.72 -3.10824
3.74 -2.22283
3.76 -1.3218
3.78 -0.4055
3.8 0.5257
3.82 1.47137
3.84 2.43104
3.86 3.40421
3.88 4.3903
3.9 5.38873
3.92 6.39884
3.94 7.41995
3.96 8.45135
3.98 9.49228
4 10.54193
4.02 11.5995
4.04 12.66413
4.06 13.73496
4.08 14.81111
4.1 15.89167
4.12 16.97574
4.14 18.06241
4.16 19.15079
4.18 20.23998
4.2 21.32911
4.22 22.41733
4.24 23.50382
4.26 24.58781
4.28 25.66855
4.3 26.74536
4.32 27.81763
4.34 28.88482
4.36 29.94647
4.38 31.00221
4.4 32.05181
4.42 33.09515
4.44 34.13231
4.46 35.16353
4.48 36.18934
4.5 37.21055
4.52 38.22839
4.54 39.24468
4.56 40.26194
4.58 41.28382
4.6 42.31554
4.62 43.36477
4.64 44.44309
4.66 45.56875
4.68 46.77202
4.7 48.10697
4.72 49.68018
4.74 51.7346
4.76 54.96748
4.78 62.47738
4.8 -61.45208
4.82 32.13424
4.84 41.75708
4.86 45.34337
4.88 47.44761
4.9 48.9611
4.92 50.17574
4.94 51.2152
4.96 52.14087
4.98 52.98672
5 53.7731
5.02 54.51302
5.04 55.21518
5.06 55.88566
5.08 56.52887
5.1 57.14809
5.12 57.74584
5.14 58.32409
5.16 58.88445
5.18 59.4282
5.2 59.95644
5.22 60.47009
5.24 60.96995
5.26 61.45669
5.28 61.93094
5.3 62.39325
5.32 62.8441
5.34 63.28395
5.36 63.7132
5.38 64.13225
5.4 64.54143
5.42 64.94109
5.44 65.33153
5.46 65.71305
5.48 66.08592
5.5 66.4504
5.52 66.80675
5.54 67.1552
5.56 67.49598
5.58 67.82931
5.6 68.15539
5.62 68.47443
5.64 68.78661
5.66 69.09213
5.68 69.39117
5.7 69.68388
5.72 69.97045
5.74 70.25103
5.76 70.52577
5.78 70.79482
5.8 71.05834
5.82 71.31645
5.84 71.5693
5.86 71.81702
5.88 72.05972
5.9 72.29754
5.92 72.5306
5.94 72.759
5.96 72.98286
5.98 73.20229
6 73.4174
6.02 73.62828
6.04 73.83504
6.06 74.03777
6.08 74.23657
6.1 74.43151
6.12 74.62271
6.14 74.81022
6.16 74.99415
6.18 75.17457
6.2 75.35156
6.22 75.5252
6.24 75.69555
6.26 75.8627
6.28 76.0267
6.3 76.18763
6.32 76.34556
6.34 76.50054
6.36 76.65265
6.38 76.80194
6.4 76.94846
6.42 77.09229
6.44 77.23346
6.46 77.37205
6.48 77.50809
6.5 77.64165
6.52 77.77277
6.54 77.9015
6.56 78.0279
6.58 78.15199
6.6 78.27384
6.62 78.39348
6.64 78.51096
6.66 78.62632
6.68 78.7396
6.7 78.85084
6.72 78.96008
6.74 79.06735
6.76 79.1727
6.78 79.27616
6.8 79.37777
6.82 79.47755
6.84 79.57554
6.86 79.67178
6.88 79.7663
6.9 79.85913
6.92 79.95029
6.94 80.03983
6.96 80.12776
6.98 80.21412
7 80.29893
7.02 80.38222
7.04 80.46402
7.06 80.54435
7.08 80.62324
7.1 80.70071
7.12 80.77679
7.14 80.8515
7.16 80.92487
7.18 80.99691
7.2 81.06766
7.22 81.13712
7.24 81.20533
7.26 81.2723
7.28 81.33805
7.3 81.4026
7.32 81.46598
7.34 81.5282
7.36 81.58929
7.38 81.64925
7.4 81.70811
7.42 81.76588
7.44 81.82259
7.46 81.87825
7.48 81.93287
7.5 81.98648
7.52 82.03908
7.54 82.0907
7.56 82.14135
7.58 82.19105
7.6 82.23981
7.62 82.28764
7.64 82.33456
7.66 82.38058
7.68 82.42572
7.7 82.47
7.72 82.51341
7.74 82.55599
7.76 82.59773
7.78 82.63866
7.8 82.67879
7.82 82.71812
7.84 82.75668
7.86 82.79446
7.88 82.83149
7.9 82.86778
7.92 82.90333
7.94 82.93816
7.96 82.97228
7.98 83.0057
8 83.03844
8.02 83.07049
8.04 83.10187
8.06 83.1326
8.08 83.16268
8.1 83.19212
8.12 83.22093
8.14 83.24912
8.16 83.27671
8.18 83.30369
8.2 83.33009
8.22 83.3559
8.24 83.38114
8.26 83.40582
8.28 83.42994
8.3 83.45352
8.32 83.47655
8.34 83.49906
8.36 83.52105
8.38 83.54253
8.4 83.5635
8.42 83.58398
8.44 83.60397
8.46 83.62347
8.48 83.64251
8.5 83.66108
8.52 83.67919
8.54 83.69685
8.56 83.71407
8.58 83.73086
8.6 83.74721
8.62 83.76315
8.64 83.77867
8.66 83.79379
8.68 83.8085
8.7 83.82282
8.72 83.83676
8.74 83.85032
8.76 83.8635
8.78 83.87632
8.8 83.88878
8.82 83.90088
8.84 83.91264
8.86 83.92406
8.88 83.93514
8.9 83.9459
8.92 83.95634
8.94 83.96646
8.96 83.97627
8.98 83.98578
9 83.99499
9.02 84.00391
9.04 84.01254
9.06 84.02089
9.08 84.02898
9.1 84.03679
9.12 84.04434
9.14 84.05163
9.16 84.05868
9.18 84.06548
9.2 84.07203
9.22 84.07836
9.24 84.08445
9.26 84.09033
9.28 84.09598
9.3 84.10142
9.32 84.10666
9.34 84.11169
9.36 84.11653
9.38 84.12117
9.4 84.12563
9.42 84.12991
9.44 84.13401
9.46 84.13795
9.48 84.14171
9.5 84.14532
9.52 84.14877
9.54 84.15207
9.56 84.15523
9.58 84.15824
9.6 84.16112
9.62 84.16387
9.64 84.16649
9.66 84.169
9.68 84.17139
9.7 84.17366
9.72 84.17583
9.74 84.1779
9.76 84.17988
9.78 84.18176
9.8 84.18355
9.82 84.18527
9.84 84.1869
9.86 84.18847
9.88 84.18996
9.9 84.1914
9.92 84.19277
9.94 84.19409
9.96 84.19536
9.98 84.19659
10 84.19778
